4
18
34

#8U,2
Roman-8
1,1,16,2,4
1,9,16,10,4

#7J,2
DeskTop
1,1,16,2,4
1,9,16,10,4

#19U,3
Windows 3.1 Latin 1 "ANSI"
1,1,1,1,4
12,2,12,2,4
8,1,16,1,4

#0N,2
ISO 8859/1 Latin 1
1,1,16,2,4
1,9,16,10,4

#10U,5
PC-8
1,1,1,1,4
12,2,12,2,4
8,1,16,1,4
1,12,16,14,34
5,16,6,16,18

#12U,10
PC-850
1,1,1,1,4
12,2,12,2,4
8,1,16,1,4
1,12,5,13,34
6,13,6,13,34
9,13,9,13,34
14,13,15,13,34
16,12,16,12,34
16,14,16,14,34
10,12,13,14,34

#10J,2
PS Text
1,1,16,2,4
1,9,16,10,4

#12J,3
MC Text
1,1,1,1,4
12,2,12,2,4
8,1,16,1,4

#13J,2
Ventura International
1,1,16,2,4
1,9,16,10,4

#11U,5
PC-8 D/N (Danish/Norwegian)
1,1,1,1,4
12,2,12,2,4
8,1,16,1,4
1,12,16,14,34
5,16,6,16,18

#14J,2
Ventura US
1,1,16,2,4
1,9,16,10,4

#1U,2
Legal
1,1,16,2,4
1,9,16,10,4

#9U,3
Windows 3.0 "Latin 1"
1,1,1,1,4
12,2,12,2,4
8,1,16,1,4

#6J,3
Microsoft Publishing
1,1,1,1,4
12,2,12,2,4
8,1,16,1,4

#17U,10
PC-852
1,1,1,1,4
12,2,12,2,4
8,1,16,1,4
1,12,5,13,34
6,13,6,13,34
9,13,9,13,34
14,13,15,13,34
16,12,16,12,34
16,14,16,14,34
10,12,13,14,34

#9T,5
PC-8 Turkish
1,1,1,1,4
12,2,12,2,4
8,1,16,1,4
1,12,16,14,34
5,16,6,16,18

#2N,2
ISO 8859/2 Latin 2
1,1,16,2,4
1,9,16,10,4

#9E,3
Windows 3.1 Latin 2
1,1,1,1,4
12,2,12,2,4
8,1,16,1,4

#5N,2
ISO 8859/9 Latin 5
1,1,16,2,4
1,9,16,10,4

#5T,3
Windows 3.1 Latin 5
1,1,1,1,4
12,2,12,2,4
8,1,16,1,4

#6M,18
Ventura Math
1,1,16,2,4
1,9,16,10,4
16,6,16,6,18
1,7,1,7,18
2,11,11,11,18
11,12,11,12,18
13,12,13,12,18
14,11,16,11,18
4,12,4,12,18
1,14,1,15,18
2,14,2,14,18
3,16,3,16,18
4,15,4,15,18
6,15,7,15,18
8,16,9,16,18
9,14,10,14,18
12,15,14,15,18
15,14,15,16,18

#8M,9
Math-8
1,1,16,2,4
1,9,16,10,4
16,6,16,6,18
2,3,2,3,18
2,11,9,11,18
16,11,16,11,18
1,12,1,12,18
1,15,13,16,18
14,15,14,15,18

#15U,7
Pi-Font
1,1,16,2,4
1,9,16,10,4
13,6,13,6,18
8,7,8,7,18
9,7,12,8,18
8,8,8,8,34
1,7,7,8,34

#5M,10
PS Math
1,1,16,2,4
1,9,16,10,4
16,6,16,6,18
1,7,1,7,18
13,11,16,11,18
14,12,15,12,18
13,14,16,14,18
7,14,7,14,18
4,16,15,16,18
7,15,16,15,18

#19M,9
Symbol
1,1,16,2,4
1,9,16,10,4
1,7,1,7,18
13,11,16,11,18
14,12,15,12,18
13,14,16,14,18
7,14,7,14,18
4,16,15,16,18
7,15,16,15,18

#579L,3
Wingdings
1,1,1,1,4
12,2,12,2,4
8,1,16,1,4

#9L,2
Ventura ITC Zapf Dingbats
1,1,16,2,4
1,9,16,10,4

#10L,2
PS ITC Zapf Dingbats 
1,1,16,2,4
1,9,16,10,4

#11L,2
ITC Zapf Dingbats series 100
1,1,16,2,4
1,9,16,10,4

#12L,2
ITC Zapf Dingbats series 200
1,1,16,2,4
1,9,16,10,4

#13L,2
ITC Zapf Dingbats series 300
1,1,16,2,4
1,9,16,10,4
